************
535
534
533
532
530
529
527
527
527
526
525
524
523
522
521
520
520
519
518
517
516
515
514
513
512
511
510
509
508
507
506
505
504
503
502
500
491
491
477
476
476
478
482
482
485
487
487
489
491
494
496
496
496
497
498
499
500
501
502
502
503
503
505
506
507
508
509
510
510
512
512
513
514
516
517
518
518
520
521
521
522
524
535
537
548
547
546
541
541
540
538
537
535
533
531
529
528
527
526
525
524
523
522
522
520
519
518
518
516
515
514
513
512
511
510
509
508
507
506
505
504
503
502
501
493
481
478
476
479
481
483
484
487
489
490
491
493
495
496
497
498
498
500
501
502
503
504
505
506
507
508
509
511
511
512
514
515
515
517
518
519
520
521
522
522
545
543
547
548
546
542
541
540
538
538
536
534
533
531
529
528
527
526
525
525
524
523
522
521
520
519
518
517
516
515
514
513
512
511
510
508
507
506
505
504
504
503
502
493
486
485
476
478
480
482
483
485
486
489
489
491
493
494
496
497
497
498
499
500
501
502
502
503
504
505
506
507
508
509
510
510
512
512
513
514
516
516
518
518
519
520
521
522
528
547
535
546
544
546
544
543
540
539
537
536
536
534
533
530
529
528
527
526
526
525
524
524
523
522
521
520
519
518
518
516
515
515
514
513
512
511
510
509
508
507
506
505
504
503
503
500
482
477
476
478
478
480
481
482
482
485
486
488
489
490
492
494
495
496
497
497
498
499
500
500
501
502
503
504
505
506
507
507
508
509
510
511
512
513
514
515
516
517
518
519
520
521
521
522
525
542
548
545
541
542
542
541
541
539
539
538
535
534
533
530
530
529
528
527
526
525
525
524
523
522
522
521
520
519
518
517
517
516
515
514
512
511
510
509
508
507
506
505
504
503
503
502
500
491
480

***************************
519
518
517
516
515
514
513
512
511
510
509
508
507
506
505
504
503
502
501
498
490
486
482
482
481
482
482
485
486
488
489
491
494
495
496
497
498
498
499
499
500
501
502
503
504
505
506
507
508
509
509
510
512
513
514
514
516
517
518
519
519
521
521
522
531
530
543
541
547
543
542
540
540
538
537
537
535
534
531
529
528
527
527
526
525
525
524
523
522
521
520
519
519
518
517
516
514
514
513
511
511
510
509
508
507
506
505
504
503
503
502
495
487
481
481
480
480
482
483
483
484
486
486
489
490
494
495
496
496
497
498
499
499
500
501
502
503
503
504
505
506
507
508
508
509
510
511
512
513
514
515
516
517
518
519
519
520
521
522
523
523
528
534
539
542
544
542
542
540
539
539
538
536
535
532
530
529
528
527
527
526
525
525
524
523
522
522
521
520
519
518
517
516
515
515
514
513
512
511
510
509
508
507
507
506
505
504
503
502
501
497
491
483
481
481
478
482
482
482
483
483
485
487
487
490
492
494
495
496
497
497
498
499
499
500
500
501
502
503
503
505
505
506
507
508
509
509
510
511
512
512
513
514
515
516
517
517
519
519
520
521
521
522
523
525
531
535
537
540
541
542
542
541
541
539
538
537
536
536
533
532
530
529
528
528
527
526
526
525
524
524
523
523
522
521
520
520
519
518
517
516
515
515
514
513
512
512
510
510
509
508
507
506
506
505
504
504
502
503
502
500
497
491
485
482
482
481
482
482
482
484
484
485
486
488
489
490
491
493
495
495
496
497
497
498
498
498
499
500
501
501
502
502
503
504
504
505
506
506
507
507
509
509
510
511
512
512
513
514
514
515
516
516
517
518
519
519
520
521
521
522
524
528
538
539
541
545
545
543
543
544
542
541
541
540
539
538
537
536
536
***********************************************************
518
518
519
519
520
521
521
522
523
524
530
535
541
543
542
542
541
541
540
540
539
539
538
537
536
535
533
530
530
529
529
527
527
526
526
525
524
525
523
522
522
521
520
520
519
519
518
517
516
516
515
514
514
513
512
511
510
510
509
508
508
507
506
505
505
504
503
502
502
501
493
490
482
481
480
480
480
481
482
483
484
485
486
487
487
489
490
492
494
495
496
496
497
497
498
498
499
500
500
501
502
502
503
504
504
505
506
506
507
507
508
509
510
510
511
512
512
513
514
515
515
516
517
518
518
519
519
521
521
521
522
523
526
529
533
545
547
546
547
546
543
542
541
540
538
537
537
535
534
532
531
530
529
528
527
527
526
526
525
524
524
523
523
522
522
521
520
519
519
518
518
517
516
516
515
514
513
512
512
511
510
510
509
508
507
507
506
505
504
504
503
502
502
502
500
485
480
479
479
479
480
481
482
484
484
486
487
488
487
489
490
493
495
495
496
497
497
498
498
499
499
500
501
502
502
503
504
504
505
506
506
507
508
508
509
510
511
511
512
513
514
515
515
516
516
517
518
519
519
520
521
521
522
523
523
527
533
542
545
546
544
542
541
541
540
539
539
537
537
536
535
534
531
529
529
528
527
527
526
526
525
525
524
523
522
522
521
520
520
519
519
518
517
516
515
515
514
513
513
512
511
511
510
509
509
507
507
506
505
505
505
503
503
502
502
497
489
482
484
482
480
481
480
482
483
483
484
485
487
488
489
489
491
492
494
496
496
496
497
498
498
499
499
500
501
501
501
502
503
504
504
505
506
506
507
507
508
509
510
510
511
511
512
513
514
515
515
516
517
518
518
518
520
520
521
521
522
523
523
526
529
535
541
546
546
545
542
541
541
540
538
537
536
535
533
534
532
530
529
528
*****************************
Solo cargador 

512
512
512
512
512
512
512
508
502
496
495
495
495
496
497
499
502
502
504
507
510
510
512
512
512
512
512
512
512
512
513
512
512
512
512
512
512
512
512
512
512
512
512
512
512
512
512
512
512
512
512
512
519
523
528
528
529
526
526
525
523
522
520
519
516
514
513
513
512
512
512
512
512
512
512
512
512
512
512
512
511
511
511
512
512
511
512
512
512
512
512
512
512
512
510
498
492
493
490
494
496
496
499
501
503
505
506
508
510
511
512
512
512
512
512
513
512
512
513
512
512
512
512
512
512
513
512
512
513
512
512
512
513
512
512
512
512
512
515
524
526
529
533
531
528
526
524
522
521
518
516
514
513
512
512
512
512
512
511
511
512
511
512
512
512
512
512
512
512
512
511
512
512
511
511
512
512
512
511
512
512
512
498
495
486
488
491
492
496
496
497
499
501
502
504
506
508
511
512
512
512
512
512
512
512
512
512
512
512
512
512
512
513
513
513
512
512
513
512
513
512
512
513
512
512
512
512
512
512
515
517
516
534
534
533
533
531
527
527
526
524
522
520
520
518
515
514
513
512
512
512
512
512
511
512
512
511
512
512
512
512
512
512
512
511
512
511
512
512
512
512
512
511
512
512
512
512
512
512
512
512
510
502
503
493
493
492
493
494
495
495
497
499
500
502
504
504
505
507
510
511
511
511
512
512
512
512
512
513
512
513
513
513
512
513
513
513
513
513
513
512
512
513
513
513
512
512
512
512
513
512
512
512
512
512
512
512
513
533
534
533
531
529
527
526
525
523
522
521
519
518
516
515
514
512
512
512
512
512
512
512
512
511
512
512
511
511
512
512
512
511
512
511
511
512
512
511
512
512
511
512
512
512
512
512
512
512
512
504
494
503
498
493
490
489
492
494
496
498
500
********************************
512
514
527
533
530
529
530
528
531
527
525
524
524
523
521
518
516
514
513
513
512
512
512
512
512
512
512
512
512
511
512
512
511
512
511
512
512
511
512
512
512
512
512
511
512
512
512
512
512
512
512
512
512
509
506
505
492
491
489
490
494
496
497
498
500
501
504
505
506
507
508
511
511
512
512
512
512
512
512
513
512
512
512
512
512
512
512
512
512
512
512
513
512
513
512
512
512
512
513
512
512
513
512
512
512
513
512
516
523
523
528
533
536
534
532
530
529
528
527
523
523
521
520
518
515
513
512
512
512
512
512
512
512
511
512
512
512
511
512
512
512
512
512
512
512
511
512
511
512
512
511
512
512
512
512
512
512
510
507
492
491
493
490
492
493
495
498
499
503
503
504
508
510
511
512
512
512
512
512
513
512
512
513
513
512
512
512
513
513
512
513
512
512
513
512
512
513
512
512
512
512
512
512
522
519
531
533
532
531
529
527
527
526
524
521
520
517
515
514
512
512
512
512
512
512
512
511
511
512
512
512
511
512
511
511
512
512
512
512
511
511
512
512
512
512
512
512
510
505
495
492
492
494
496
498
500
503
503
505
508
510
511
512
512
512
512
513
513
512
512
513
512
512
512
513
512
512
513
512
513
513
512
512
512
512
512
512
512
513
520
524
529
531
529
527
525
523
521
519
518
514
513
513
512
512
512
512
511
512
512
512
512
512
512
511
512
511
511
512
512
512
511
512
511
512
512
512
512
510
502
495
490
492
493
497
500
502
504
506
509
511
512
512
512
512
512
512
512
512
513
512
512
512
512
513
512
513
513
512
513
513
512
512
513
512
512
512
512
512
513
528
531
531
529
529
528
527
525
522
520
518
516
515
513
513
512
512
512
512
512
512
512
512
511
511
512
512
511
511
511
